20 20
0 0 0 0 0 0 0 0 0 0 0 38 0 40 0 46 0 0 0 13
0 0 0 0 0 0 0 0 96 0 0 0 0 0 83 23 81 0 26 0
0 0 57 0 0 0 0 0 0 0 0 0 28 0 0 0 0 0 0 0
0 0 0 0 100 0 47 0 84 0 15 65 54 0 0 0 0 43 0 0
0 0 0 100 0 0 0 0 0 0 0 57 0 0 0 0 0 0 0 85
0 0 0 0 0 0 0 10 88 0 0 0 69 58 0 0 0 5 18 0
0 0 0 47 0 0 0 0 0 0 26 0 0 0 0 0 0 0 0 64
0 0 0 0 0 10 0 0 0 93 0 0 0 0 0 0 3 0 0 0
0 96 0 84 0 88 0 0 0 0 0 0 0 44 0 0 0 0 4 0
0 0 0 0 0 0 0 93 0 10 0 0 0 0 0 0 0 0 0 0
0 0 0 15 0 0 26 0 0 0 0 0 0 0 0 0 0 0 56 57
38 0 0 65 57 0 0 0 0 0 0 0 0 0 0 80 0 0 0 0
0 0 28 54 0 69 0 0 0 0 0 0 0 89 0 0 0 27 20 0
40 0 0 0 0 58 0 0 44 0 0 0 89 55 0 0 0 46 0 54
0 83 0 0 0 0 0 0 0 0 0 0 0 0 0 0 96 0 62 0
46 23 0 0 0 0 0 0 0 0 0 80 0 0 0 0 0 0 0 0
0 81 0 0 0 0 0 3 0 0 0 0 0 0 96 0 0 0 15 0
0 0 0 43 0 5 0 0 0 0 0 0 27 46 0 0 0 25 0 0
0 26 0 0 0 18 0 0 4 0 56 0 20 0 62 0 15 0 24 46
13 0 0 0 85 0 64 0 0 0 57 0 0 54 0 0 0 0 46 0
0 0 0 0 0 0 0 0 0 0 0 1 0 1 0 1 0 0 0 1
0 0 0 0 0 0 0 0 1 0 0 0 0 0 1 1 1 0 1 0
0 0 1 0 0 0 0 0 0 0 0 0 1 0 0 0 0 0 0 0
0 0 0 0 1 0 1 0 1 0 1 1 1 0 0 0 0 1 0 0
0 0 0 1 0 0 0 0 0 0 0 1 0 0 0 0 0 0 0 1
0 0 0 0 0 0 0 1 1 0 0 0 1 1 0 0 0 1 1 0
0 0 0 1 0 0 0 0 0 0 1 0 0 0 0 0 0 0 0 1
0 0 0 0 0 1 0 0 0 1 0 0 0 0 0 0 1 0 0 0
0 1 0 1 0 1 0 0 0 0 0 0 0 1 0 0 0 0 1 0
0 0 0 0 0 0 0 1 0 1 0 0 0 0 0 0 0 0 0 0
0 0 0 1 0 0 1 0 0 0 0 0 0 0 0 0 0 0 1 1
1 0 0 1 1 0 0 0 0 0 0 0 0 0 0 1 0 0 0 0
0 0 1 1 0 1 0 0 0 0 0 0 0 1 0 0 0 1 1 0
1 0 0 0 0 1 0 0 1 0 0 0 1 1 0 0 0 1 0 1
0 1 0 0 0 0 0 0 0 0 0 0 0 0 0 0 1 0 1 0
1 1 0 0 0 0 0 0 0 0 0 1 0 0 0 0 0 0 0 0
0 1 0 0 0 0 0 1 0 0 0 0 0 0 1 0 0 0 1 0
0 0 0 1 0 1 0 0 0 0 0 0 1 1 0 0 0 1 0 0
0 1 0 0 0 1 0 0 1 0 1 0 1 0 1 0 1 0 1 1
1 0 0 0 1 0 1 0 0 0 1 0 0 1 0 0 0 0 1 0
3 7
4 8
4 10
4 12
4 17
5 13
5 15
6 8
6 9
6 16
7 11
7 20
9 16
11 12
12 18
14 16
15 19
16 17
16 19
18 19
